AIRPLANE: (7,3),(8,4),(9,5),(10,6),(11,7),(12,8),(13,9),(14,10)
AMBULANCE: (8,0),(7,1),(6,2),(5,3),(4,4),(3,5),(2,6),(1,7),(0,8)
BOAT: (11,6),(10,5),(9,4),(8,3)
CAR: (10,2),(9,2),(8,2)
CAR: (12,2),(13,2),(14,2)
CAR: (1,14),(1,13),(1,12)
FIRETRUCK: (14,0),(14,1),(14,2),(14,3),(14,4),(14,5),(14,6),(14,7),(14,8)
RACECAR: (8,2),(9,2),(10,2),(11,2),(12,2),(13,2),(14,2)
RACECAR: (14,2),(13,2),(12,2),(11,2),(10,2),(9,2),(8,2)
TRUCK: (5,4),(6,3),(7,2),(8,1),(9,0)
TRUCK: (14,4),(14,5),(14,6),(14,7),(14,8)