ALLIGATOR: (9,15),(8,14),(7,13),(6,12),(5,11),(4,10),(3,9),(2,8),(1,7)
BEAR: (7,6),(6,5),(5,4),(4,3)
BEAR: (15,7),(15,8),(15,9),(15,10)
ELEPHANT: (0,0),(1,0),(2,0),(3,0),(4,0),(5,0),(6,0),(7,0)
FROG: (10,16),(9,16),(8,16),(7,16)
GIRAFFE: (13,4),(12,4),(11,4),(10,4),(9,4),(8,4),(7,4)
GOAT: (1,15),(1,16),(1,17),(1,18)
LION: (13,13),(13,12),(13,11),(13,10)
MEERKAT: (0,1),(1,2),(2,3),(3,4),(4,5),(5,6),(6,7)
MONKEY: (0,13),(1,12),(2,11),(3,10),(4,9),(5,8)
PANDA: (19,0),(18,1),(17,2),(16,3),(15,4)
PENGUIN: (0,4),(1,5),(2,6),(3,7),(4,8),(5,9),(6,10)
POLARBEAR: (12,11),(11,10),(10,9),(9,8),(8,7),(7,6),(6,5),(5,4),(4,3)
STORK: (18,10),(18,9),(18,8),(18,7),(18,6)
TIGER: (14,4),(15,3),(16,2),(17,1),(18,0)
TOAD: (8,0),(7,1),(6,2),(5,3)